Year,Individuals using the Internet (% of population),"International tourism, receipts (% of total exports)"
1995,0.0863,10.21780678
1996,0.142,10.4662293
1997,0.28,10.16973049
1998,0.831,10.72755076
1999,3.28,11.34037167
2000,7.04,10.22828105
2001,9.78,8.856965228
2002,10.9,5.906141906
2003,11.9,6.715981269
2004,16.0,6.690603601
2005,17.7,6.843354152
2006,20.9,7.199902644
2007,25.9,7.607116078
2008,28.1,6.463307133
2009,34.0,6.715850377
2010,45.0,6.909259852
2011,51.0,6.20590596
2012,55.8,6.005464449
2013,59.9,5.801929549
2014,64.7,6.897874143
2015,68.0,7.770352221
2016,71.0,7.657109367
2017,74.3,7.860524841
2018,77.7,7.776450365
2019,79.9,7.07063914
2020,85.5,2.641329466
